# Fit of ln(y)=ln(a)-lambda*t
ln(a)       = 4.958664863 +/- 0.03540192926
a           = 142.4035406 +/- 5.041360072
lambda      = 0.1706240495 +/- 0.007156622342 1/day
T_1/2       = 4.062423689 +/- 0.1703935185 days
modern 224Ra T_1/2 = 3.6319 days
difference  = 0.4305236885 days
chi2        = 1.199584834
dof         = 7
chi2/dof    = 0.171369262
covariance matrix:
  0.001253296596-0.0001970550017
-0.0001970550017 5.121724335e-05
