-----Task A-----
-----Part 2-----
Tall matrix A:
   -0.863386     0.792681     0.570777     0.556206 
    0.329441     0.652363     0.175332    -0.949701 
   -0.611769    -0.814375     0.473672     0.842557 
    0.852566     0.779416      0.34502    -0.178175 
    -0.78965     0.427524     0.940142    -0.620595 
   -0.548575    0.0357971     0.977158    -0.591981 
Q:
   -0.508793     0.568535    -0.327184     0.489211 
    0.194139     0.390671     0.098536    -0.403236 
   -0.360515    -0.472804     0.427617     0.429896 
    0.502416     0.432678     0.539562     0.479763 
    -0.46534      0.33069     0.237422    -0.324127 
   -0.323274    0.0635131     0.594044    -0.279344 
R:
     1.69693     0.198008     -1.00717    -0.380481 
           0      1.57145     0.691291    -0.773079 
           0            0      1.02292    -0.510412 
           0            0            0       1.2983 
Q * R = A:
   -0.863386     0.792681     0.570777     0.556206 
    0.329441     0.652363     0.175332    -0.949701 
   -0.611769    -0.814375     0.473672     0.842557 
    0.852566     0.779416      0.34502    -0.178175 
    -0.78965     0.427524     0.940142    -0.620595 
   -0.548575    0.0357971     0.977158    -0.591981 
Q^T * Q = I:
           1 -4.51028e-17  1.66533e-16  8.32667e-17 
-4.51028e-17            1 -8.32667e-17  1.59595e-16 
 1.66533e-16 -8.32667e-17            1  5.55112e-17 
 8.32667e-17  1.59595e-16  5.55112e-17            1 
Check list:
R upper triangular: 1
Q^T Q = I:          1
Q R = A:            1

-----Part 3-----
Solve Ax=b
b:
    0.403926     0.461013     0.274958     0.560068     0.693418 
x = A^{-1} b:
    0.474271     -0.82485   -0.0943206    -0.590344     0.703188 
A * x: 
    0.403926     0.461013     0.274958     0.560068     0.693418 
approx(A*x, b) = 1
det(A) from R:    1.26509

-----Task B-----
Inverse of A
Matrix A:
   -0.942017    -0.559433     0.669798     0.984254    -0.916219 
   -0.355334     0.836143     0.139756    -0.743045      0.23717 
    0.222872     0.872352    -0.510638    -0.559272    0.0666804 
    0.292847     0.672967    -0.727537    0.0384224    -0.531697 
   -0.310156    -0.775655     0.444189   -0.0849515     0.579481 
Inverse A^{-1}:
    -4.48812      6.33416     -15.6369      7.37413     -1.12324 
     7.54551     -13.5138      30.4842     -19.3862     -3.83421 
    -2.74614      4.98123     -10.9294      3.63217     -1.79034 
        13.9     -25.7607      55.3421     -34.1687     -5.19864 
     11.8405     -22.2932      48.9255     -29.7954      -3.3975 
A * A^{-1}:
           1 -3.55271e-15            0 -7.10543e-15 -1.33227e-15 
-2.22045e-15            1  1.59872e-14 -1.24345e-14            0 
 1.27676e-14  3.10862e-15            1  2.44249e-15 -3.38618e-15 
-3.55271e-15 -8.88178e-15  3.55271e-15            1  1.33227e-15 
 8.88178e-16 -1.77636e-15  1.06581e-14 -7.10543e-15            1 
Inverse checks:
approx(A*A^{-1}, I) = 1

